20140424
20140425
20140426
20140427
20140428
20140429
20140430
20140501
20140502
20140503
20140504
20140505
20140506
20140507
20140508
20140509
20140510
20140511
20140512
20140513
20140514
20140515
20140516
20140517
20140518
20140519
20140520
20140521
20140522
20140523
20140524
20140525
20140526
20140527
20140528
20140529
20140530
20140531
20140601
20140602
20140603
20140604
20140605
20140606
20140607
20140608
20140609
20140610
20140611
20140612
20140613
20140614
20140615
20140616
20140617
20140618
20140619
20140620
20140621
20140622
20140623
20140624
20140625
20140626
20140627
20140628
20140629
20140630
20140701
20140702
20140703
20140704
20140705
20140706
20140707
20140708
20140709
20140710
20140711
20140712
20140713
20140714
20140715
20140716
20140717
20140718
20140719
20140720
20140721
20140722
20140723
20140724
20140725
20140726
20140727
20140728
20140729
20140730
20140731
20140801
20140802
20140803
20140804
20140805
20140806
20140807
20140808
20140809
20140810
20140811
20140812
20140813
20140814
20140815
20140816
20140817
20140818
20140819
20140820
20140821
20140822
20140823
20140824
20140825
20140826
20140827
20140828
20140829
20140830
20140831
20140901
20140902
20140903
20140904
20140905
20140906
20140907
20140908
20140909
20140910
20140911
20140912
20140913
20140914
20140915
20140916
20140917
20140918
20140919
20140920
20140921
20140922
20140923
20140924
20140925
20140926
20140927
20140928
20140929
20140930
20141001
20141002
20141003
20141004
20141005
20141006
20141007
20141008
20141009
20141010
20141011
20141012
20141013
20141014
20141015
20141016
20141017
20141018
20141019
20141020
20141021
20141022
20141023
20141024
20141025
20141026
20141027
20141028
20141029
20141030
20141031
20141101
20141102
20141103
20141104
20141105
20141106
20141107
20141108
20141109
20141110
20141111
20141112
20141113
20141114
20141115
20141116
20141117
20141118
20141119
20141120
20141121
20141122
20141123
20141124
20141125
20141126
20141127
20141128
20141129
20141130
20141201
